Controller Server:
0	0.372672359	0.372672359	0.806972359	0.4343
1	0.745344718	0.806972359	1.130172359	0.3232
2	1.118017077	1.130172359	1.564472359	0.4343
3	1.490689436	1.564472359	1.887672359	0.3232
4	1.863361795	1.887672359	2.321972359	0.4343
5	2.236034154	2.321972359	2.645172359	0.3232
6	2.608706513	2.645172359	3.079472359	0.4343
7	2.981378872	3.079472359	3.402672359	0.3232
8	3.354051231	3.402672359	3.836972359	0.4343
9	3.72672359	3.836972359	4.160172359	0.3232
10	4.099395949	4.160172359	4.594472359	0.4343
11	4.472068308	4.594472359	4.917672359	0.3232
12	4.844740667	4.917672359	5.351972359	0.4343
13	5.217413026	5.351972359	5.675172359	0.3232
14	5.590085385	5.675172359	6.109472359	0.4343
15	5.962757744	6.109472359	6.432672359	0.3232
16	6.335430103	6.432672359	6.866972359	0.4343
17	6.708102462	6.866972359	7.190172359	0.3232
18	7.080774821	7.190172359	7.624472359	0.4343
19	7.45344718	7.624472359	7.947672359	0.3232
----------------------------
Service Server:
0	0.372672359	0.473772359	0.796972359	0.3232
1	0.745344718	0.908072359	1.120172359	0.2121
2	1.118017077	1.231272359	1.554472359	0.3232
3	1.490689436	1.665572359	1.877672359	0.2121
4	1.863361795	1.988772359	2.311972359	0.3232
5	2.236034154	2.423072359	2.635172359	0.2121
6	2.608706513	2.746272359	3.069472359	0.3232
7	2.981378872	3.180572359	3.392672359	0.2121
8	3.354051231	3.503772359	3.826972359	0.3232
9	3.72672359	3.938072359	4.150172359	0.2121
10	4.099395949	4.261272359	4.584472359	0.3232
11	4.472068308	4.695572359	4.907672359	0.2121
12	4.844740667	5.018772359	5.341972359	0.3232
13	5.217413026	5.453072359	5.665172359	0.2121
14	5.590085385	5.776272359	6.099472359	0.3232
15	5.962757744	6.210572359	6.422672359	0.2121
16	6.335430103	6.533772359	6.856972359	0.3232
17	6.708102462	6.968072359	7.180172359	0.2121
18	7.080774821	7.291272359	7.614472359	0.3232
19	7.45344718	7.725572359	7.937672359	0.2121
----------------------------
DAO Server:
0	0.372672359	0.574872359	0.786972359	0.2121
2	1.118017077	1.332372359	1.544472359	0.2121
4	1.863361795	2.089872359	2.301972359	0.2121
6	2.608706513	2.847372359	3.059472359	0.2121
8	3.354051231	3.604872359	3.816972359	0.2121
10	4.099395949	4.362372359	4.574472359	0.2121
12	4.844740667	5.119872359	5.331972359	0.2121
14	5.590085385	5.877372359	6.089472359	0.2121
16	6.335430103	6.634872359	6.846972359	0.2121
18	7.080774821	7.392372359	7.604472359	0.2121
----------------------------
SQL DataBase:
0	0.372672359	0.675972359	0.776972359	0.101
2	1.118017077	1.433472359	1.534472359	0.101
4	1.863361795	2.190972359	2.291972359	0.101
6	2.608706513	2.948472359	3.049472359	0.101
8	3.354051231	3.705972359	3.806972359	0.101
10	4.099395949	4.463472359	4.564472359	0.101
12	4.844740667	5.220972359	5.321972359	0.101
14	5.590085385	5.978472359	6.079472359	0.101
16	6.335430103	6.735972359	6.836972359	0.101
18	7.080774821	7.493472359	7.594472359	0.101
----------------------------
Printer:
1	0.745344718	1.009172359	1.110172359	0.101
3	1.490689436	1.766672359	1.867672359	0.101
5	2.236034154	2.524172359	2.625172359	0.101
7	2.981378872	3.281672359	3.382672359	0.101
9	3.72672359	4.039172359	4.140172359	0.101
11	4.472068308	4.796672359	4.897672359	0.101
13	5.217413026	5.554172359	5.655172359	0.101
15	5.962757744	6.311672359	6.412672359	0.101
17	6.708102462	7.069172359	7.170172359	0.101
19	7.45344718	7.826672359	7.927672359	0.101
----------------------------
