Controller Server:
0	0.372672359	0.372672359	0.806972359	0.4343
1	0.745344718	0.806972359	1.241272359	0.4343
2	1.118017077	1.241272359	1.675572359	0.4343
3	1.490689436	1.675572359	2.109872359	0.4343
4	1.863361795	2.109872359	2.544172359	0.4343
5	2.236034154	2.544172359	2.978472359	0.4343
6	2.608706513	2.978472359	3.412772359	0.4343
7	2.981378872	3.412772359	3.847072359	0.4343
8	3.354051231	3.847072359	4.281372359	0.4343
9	3.72672359	4.281372359	4.715672359	0.4343
10	4.099395949	4.715672359	5.038872359	0.3232
11	4.472068308	5.038872359	5.362072359	0.3232
12	4.844740667	5.362072359	5.685272359	0.3232
13	5.217413026	5.685272359	6.008472359	0.3232
14	5.590085385	6.008472359	6.331672359	0.3232
15	5.962757744	6.331672359	6.654872359	0.3232
16	6.335430103	6.654872359	6.978072359	0.3232
17	6.708102462	6.978072359	7.301272359	0.3232
18	7.080774821	7.301272359	7.624472359	0.3232
19	7.45344718	7.624472359	7.947672359	0.3232
----------------------------
Service Server:
0	0.372672359	0.473772359	0.796972359	0.3232
1	0.745344718	0.908072359	1.231272359	0.3232
2	1.118017077	1.342372359	1.665572359	0.3232
3	1.490689436	1.776672359	2.099872359	0.3232
4	1.863361795	2.210972359	2.534172359	0.3232
5	2.236034154	2.645272359	2.968472359	0.3232
6	2.608706513	3.079572359	3.402772359	0.3232
7	2.981378872	3.513872359	3.837072359	0.3232
8	3.354051231	3.948172359	4.271372359	0.3232
9	3.72672359	4.382472359	4.705672359	0.3232
10	4.099395949	4.816772359	5.028872359	0.2121
11	4.472068308	5.139972359	5.352072359	0.2121
12	4.844740667	5.463172359	5.675272359	0.2121
13	5.217413026	5.786372359	5.998472359	0.2121
14	5.590085385	6.109572359	6.321672359	0.2121
15	5.962757744	6.432772359	6.644872359	0.2121
16	6.335430103	6.755972359	6.968072359	0.2121
17	6.708102462	7.079172359	7.291272359	0.2121
18	7.080774821	7.402372359	7.614472359	0.2121
19	7.45344718	7.725572359	7.937672359	0.2121
----------------------------
DAO Server:
0	0.372672359	0.574872359	0.786972359	0.2121
1	0.745344718	1.009172359	1.221272359	0.2121
2	1.118017077	1.443472359	1.655572359	0.2121
3	1.490689436	1.877772359	2.089872359	0.2121
4	1.863361795	2.312072359	2.524172359	0.2121
5	2.236034154	2.746372359	2.958472359	0.2121
6	2.608706513	3.180672359	3.392772359	0.2121
7	2.981378872	3.614972359	3.827072359	0.2121
8	3.354051231	4.049272359	4.261372359	0.2121
9	3.72672359	4.483572359	4.695672359	0.2121
----------------------------
SQL DataBase:
0	0.372672359	0.675972359	0.776972359	0.101
1	0.745344718	1.110272359	1.211272359	0.101
2	1.118017077	1.544572359	1.645572359	0.101
3	1.490689436	1.978872359	2.079872359	0.101
4	1.863361795	2.413172359	2.514172359	0.101
5	2.236034154	2.847472359	2.948472359	0.101
6	2.608706513	3.281772359	3.382772359	0.101
7	2.981378872	3.716072359	3.817072359	0.101
8	3.354051231	4.150372359	4.251372359	0.101
9	3.72672359	4.584672359	4.685672359	0.101
----------------------------
Printer:
10	4.099395949	4.917872359	5.018872359	0.101
11	4.472068308	5.241072359	5.342072359	0.101
12	4.844740667	5.564272359	5.665272359	0.101
13	5.217413026	5.887472359	5.988472359	0.101
14	5.590085385	6.210672359	6.311672359	0.101
15	5.962757744	6.533872359	6.634872359	0.101
16	6.335430103	6.857072359	6.958072359	0.101
17	6.708102462	7.180272359	7.281272359	0.101
18	7.080774821	7.503472359	7.604472359	0.101
19	7.45344718	7.826672359	7.927672359	0.101
----------------------------
