Controller Server:
0	0.372672359	0.372672359	0.695872359	0.3232
1	0.745344718	0.745344718	1.068544718	0.3232
2	1.118017077	1.118017077	1.441217077	0.3232
3	1.490689436	1.490689436	1.813889436	0.3232
4	1.863361795	1.863361795	2.186561795	0.3232
5	2.236034154	2.236034154	2.670334154	0.4343
6	2.608706513	2.670334154	3.104634154	0.4343
7	2.981378872	3.104634154	3.427834154	0.3232
8	3.354051231	3.427834154	3.751034154	0.3232
9	3.72672359	3.751034154	4.185334154	0.4343
10	4.099395949	4.185334154	4.619634154	0.4343
11	4.472068308	4.619634154	4.942834154	0.3232
12	4.844740667	4.942834154	5.377134154	0.4343
13	5.217413026	5.377134154	5.811434154	0.4343
14	5.590085385	5.811434154	6.134634154	0.3232
15	5.962757744	6.134634154	6.457834154	0.3232
16	6.335430103	6.457834154	6.892134154	0.4343
17	6.708102462	6.892134154	7.326434154	0.4343
18	7.080774821	7.326434154	7.760734154	0.4343
19	7.45344718	7.760734154	8.195034154	0.4343
----------------------------
Service Server:
0	0.372672359	0.473772359	0.685872359	0.2121
1	0.745344718	0.846444718	1.058544718	0.2121
2	1.118017077	1.219117077	1.431217077	0.2121
3	1.490689436	1.591789436	1.803889436	0.2121
4	1.863361795	1.964461795	2.176561795	0.2121
5	2.236034154	2.337134154	2.660334154	0.3232
6	2.608706513	2.771434154	3.094634154	0.3232
7	2.981378872	3.205734154	3.417834154	0.2121
8	3.354051231	3.528934154	3.741034154	0.2121
9	3.72672359	3.852134154	4.175334154	0.3232
10	4.099395949	4.286434154	4.609634154	0.3232
11	4.472068308	4.720734154	4.932834154	0.2121
12	4.844740667	5.043934154	5.367134154	0.3232
13	5.217413026	5.478234154	5.801434154	0.3232
14	5.590085385	5.912534154	6.124634154	0.2121
15	5.962757744	6.235734154	6.447834154	0.2121
16	6.335430103	6.558934154	6.882134154	0.3232
17	6.708102462	6.993234154	7.316434154	0.3232
18	7.080774821	7.427534154	7.750734154	0.3232
19	7.45344718	7.861834154	8.185034154	0.3232
----------------------------
DAO Server:
5	2.236034154	2.438234154	2.650334154	0.2121
6	2.608706513	2.872534154	3.084634154	0.2121
9	3.72672359	3.953234154	4.165334154	0.2121
10	4.099395949	4.387534154	4.599634154	0.2121
12	4.844740667	5.145034154	5.357134154	0.2121
13	5.217413026	5.579334154	5.791434154	0.2121
16	6.335430103	6.660034154	6.872134154	0.2121
17	6.708102462	7.094334154	7.306434154	0.2121
18	7.080774821	7.528634154	7.740734154	0.2121
19	7.45344718	7.962934154	8.175034154	0.2121
----------------------------
SQL DataBase:
5	2.236034154	2.539334154	2.640334154	0.101
6	2.608706513	2.973634154	3.074634154	0.101
9	3.72672359	4.054334154	4.155334154	0.101
10	4.099395949	4.488634154	4.589634154	0.101
12	4.844740667	5.246134154	5.347134154	0.101
13	5.217413026	5.680434154	5.781434154	0.101
16	6.335430103	6.761134154	6.862134154	0.101
17	6.708102462	7.195434154	7.296434154	0.101
18	7.080774821	7.629734154	7.730734154	0.101
19	7.45344718	8.064034154	8.165034154	0.101
----------------------------
Printer:
0	0.372672359	0.574872359	0.675872359	0.101
1	0.745344718	0.947544718	1.048544718	0.101
2	1.118017077	1.320217077	1.421217077	0.101
3	1.490689436	1.692889436	1.793889436	0.101
4	1.863361795	2.065561795	2.166561795	0.101
7	2.981378872	3.306834154	3.407834154	0.101
8	3.354051231	3.630034154	3.731034154	0.101
11	4.472068308	4.821834154	4.922834154	0.101
14	5.590085385	6.013634154	6.114634154	0.101
15	5.962757744	6.336834154	6.437834154	0.101
----------------------------
