Controller Server:
0	0.372672359	0.372672359	0.806972359	0.4343
1	0.745344718	0.806972359	1.241272359	0.4343
2	1.118017077	1.241272359	1.675572359	0.4343
3	1.490689436	1.675572359	2.109872359	0.4343
4	1.863361795	2.109872359	2.544172359	0.4343
5	2.236034154	2.544172359	2.867372359	0.3232
6	2.608706513	2.867372359	3.190572359	0.3232
7	2.981378872	3.190572359	3.624872359	0.4343
8	3.354051231	3.624872359	4.059172359	0.4343
9	3.72672359	4.059172359	4.382372359	0.3232
10	4.099395949	4.382372359	4.705572359	0.3232
11	4.472068308	4.705572359	5.139872359	0.4343
12	4.844740667	5.139872359	5.463072359	0.3232
13	5.217413026	5.463072359	5.786272359	0.3232
14	5.590085385	5.786272359	6.220572359	0.4343
15	5.962757744	6.220572359	6.654872359	0.4343
16	6.335430103	6.654872359	6.978072359	0.3232
17	6.708102462	6.978072359	7.301272359	0.3232
18	7.080774821	7.301272359	7.624472359	0.3232
19	7.45344718	7.624472359	7.947672359	0.3232
----------------------------
Service Server:
0	0.372672359	0.473772359	0.796972359	0.3232
1	0.745344718	0.908072359	1.231272359	0.3232
2	1.118017077	1.342372359	1.665572359	0.3232
3	1.490689436	1.776672359	2.099872359	0.3232
4	1.863361795	2.210972359	2.534172359	0.3232
5	2.236034154	2.645272359	2.857372359	0.2121
6	2.608706513	2.968472359	3.180572359	0.2121
7	2.981378872	3.291672359	3.614872359	0.3232
8	3.354051231	3.725972359	4.049172359	0.3232
9	3.72672359	4.160272359	4.372372359	0.2121
10	4.099395949	4.483472359	4.695572359	0.2121
11	4.472068308	4.806672359	5.129872359	0.3232
12	4.844740667	5.240972359	5.453072359	0.2121
13	5.217413026	5.564172359	5.776272359	0.2121
14	5.590085385	5.887372359	6.210572359	0.3232
15	5.962757744	6.321672359	6.644872359	0.3232
16	6.335430103	6.755972359	6.968072359	0.2121
17	6.708102462	7.079172359	7.291272359	0.2121
18	7.080774821	7.402372359	7.614472359	0.2121
19	7.45344718	7.725572359	7.937672359	0.2121
----------------------------
DAO Server:
0	0.372672359	0.574872359	0.786972359	0.2121
1	0.745344718	1.009172359	1.221272359	0.2121
2	1.118017077	1.443472359	1.655572359	0.2121
3	1.490689436	1.877772359	2.089872359	0.2121
4	1.863361795	2.312072359	2.524172359	0.2121
7	2.981378872	3.392772359	3.604872359	0.2121
8	3.354051231	3.827072359	4.039172359	0.2121
11	4.472068308	4.907772359	5.119872359	0.2121
14	5.590085385	5.988472359	6.200572359	0.2121
15	5.962757744	6.422772359	6.634872359	0.2121
----------------------------
SQL DataBase:
0	0.372672359	0.675972359	0.776972359	0.101
1	0.745344718	1.110272359	1.211272359	0.101
2	1.118017077	1.544572359	1.645572359	0.101
3	1.490689436	1.978872359	2.079872359	0.101
4	1.863361795	2.413172359	2.514172359	0.101
7	2.981378872	3.493872359	3.594872359	0.101
8	3.354051231	3.928172359	4.029172359	0.101
11	4.472068308	5.008872359	5.109872359	0.101
14	5.590085385	6.089572359	6.190572359	0.101
15	5.962757744	6.523872359	6.624872359	0.101
----------------------------
Printer:
5	2.236034154	2.746372359	2.847372359	0.101
6	2.608706513	3.069572359	3.170572359	0.101
9	3.72672359	4.261372359	4.362372359	0.101
10	4.099395949	4.584572359	4.685572359	0.101
12	4.844740667	5.342072359	5.443072359	0.101
13	5.217413026	5.665272359	5.766272359	0.101
16	6.335430103	6.857072359	6.958072359	0.101
17	6.708102462	7.180272359	7.281272359	0.101
18	7.080774821	7.503472359	7.604472359	0.101
19	7.45344718	7.826672359	7.927672359	0.101
----------------------------
